0.046000 0.059000 0.042000 0.042000 0.043000 0.042000 0.042000 0.042000 0.043000 0.043000 0.042000 0.043000 0.049000 0.043000 0.043000 0.043000 0.043000 0.043000 0.043000 0.043000 0.043000 0.042000 0.043000 0.043000 0.044000 0.043000 0.042000 0.043000 0.043000 0.043000 
0.174000 0.172000 0.171000 0.171000 0.170000 0.170000 0.173000 0.172000 0.174000 0.171000 0.204000 0.171000 0.177000 0.171000 0.171000 0.171000 0.172000 0.172000 0.172000 0.172000 0.171000 0.171000 0.171000 0.170000 0.171000 0.170000 0.172000 0.171000 0.172000 0.171000 
0.384000 0.383000 0.451000 0.397000 0.387000 0.391000 0.404000 0.439000 0.413000 0.396000 0.409000 0.448000 0.393000 0.390000 0.389000 0.387000 0.396000 0.386000 0.389000 0.386000 0.385000 0.384000 0.386000 0.386000 0.386000 0.385000 0.426000 0.385000 0.384000 0.397000 
0.692000 0.690000 0.700000 0.710000 0.684000 0.686000 0.683000 0.722000 0.689000 0.689000 0.693000 0.699000 0.685000 0.688000 0.686000 0.683000 0.691000 0.684000 0.706000 0.713000 0.687000 0.683000 0.735000 0.683000 0.699000 0.685000 0.686000 0.737000 0.700000 0.689000 
1.091000 1.081000 1.074000 1.108000 1.102000 1.111000 1.107000 1.093000 1.102000 1.133000 1.090000 1.136000 1.169000 1.102000 1.070000 1.147000 1.087000 1.071000 1.243000 1.081000 1.103000 1.076000 1.079000 1.082000 1.074000 1.083000 1.082000 1.079000 1.077000 1.090000 
1.555000 1.569000 1.557000 1.626000 1.647000 1.557000 1.583000 1.983000 1.854000 1.891000 1.798000 1.667000 1.578000 1.758000 1.734000 1.626000 1.544000 1.583000 1.735000 1.791000 1.644000 1.779000 1.617000 1.559000 1.568000 1.580000 1.665000 1.568000 1.631000 1.589000 
2.606000 2.151000 2.154000 2.179000 2.180000 2.243000 2.222000 2.171000 2.229000 2.187000 2.520000 2.436000 2.204000 2.512000 2.426000 2.213000 2.269000 2.150000 2.362000 2.118000 2.263000 2.199000 2.127000 2.120000 2.392000 2.136000 2.500000 2.212000 2.386000 2.134000 
3.615000 2.934000 2.903000 2.853000 2.792000 3.174000 2.880000 2.856000 2.792000 3.021000 3.028000 2.852000 2.841000 2.970000 2.873000 2.936000 2.836000 2.931000 2.851000 2.816000 2.870000 2.961000 2.772000 2.949000 2.980000 2.798000 2.813000 2.781000 2.818000 2.825000 
3.564000 3.509000 3.686000 3.669000 3.671000 3.569000 3.682000 3.878000 3.632000 3.581000 3.513000 3.898000 4.016000 3.625000 3.582000 4.414000 3.704000 3.593000 3.939000 3.507000 3.503000 3.511000 3.640000 3.520000 3.492000 3.504000 3.584000 3.626000 4.073000 3.536000 
4.330000 4.341000 4.317000 4.396000 4.748000 4.404000 4.337000 4.348000 4.602000 4.509000 4.764000 4.618000 4.391000 4.347000 4.510000 4.408000 4.497000 4.665000 4.503000 4.554000 4.615000 4.741000 4.424000 4.698000 4.431000 4.382000 4.334000 4.325000 4.336000 4.336000 
