0.059000 0.059000 0.058000 0.058000 0.058000 0.058000 0.058000 0.058000 0.058000 0.058000 0.061000 0.057000 0.058000 0.058000 0.060000 0.061000 0.058000 0.058000 0.058000 0.059000 0.058000 0.058000 0.057000 0.057000 0.057000 0.057000 0.059000 0.058000 0.056000 0.058000 
0.232000 0.244000 0.232000 0.233000 0.233000 0.234000 0.244000 0.241000 0.232000 0.236000 0.234000 0.235000 0.232000 0.232000 0.233000 0.233000 0.234000 0.234000 0.234000 0.235000 0.235000 0.233000 0.238000 0.236000 0.238000 0.233000 0.233000 0.232000 0.234000 0.233000 
0.527000 0.582000 0.563000 0.564000 0.562000 0.529000 0.554000 0.564000 0.569000 0.567000 0.551000 0.635000 0.534000 0.528000 0.536000 0.529000 0.554000 0.535000 0.543000 0.530000 0.531000 0.529000 0.555000 0.528000 0.539000 0.572000 0.570000 0.553000 0.540000 0.526000 
0.943000 0.963000 1.034000 0.942000 0.947000 0.955000 0.948000 1.014000 0.943000 0.948000 1.005000 0.939000 0.944000 1.000000 0.945000 0.980000 0.941000 0.955000 0.976000 0.948000 0.940000 0.949000 0.946000 0.941000 0.974000 0.950000 0.964000 1.002000 0.956000 0.943000 
1.737000 1.470000 1.473000 1.524000 1.489000 1.509000 1.482000 1.533000 1.546000 1.503000 1.474000 1.558000 1.584000 1.523000 1.519000 1.532000 1.491000 1.481000 1.490000 1.473000 1.538000 1.501000 1.477000 1.493000 1.511000 1.507000 1.499000 1.485000 1.503000 1.496000 
2.170000 2.181000 2.586000 2.257000 2.260000 2.145000 2.156000 2.413000 2.163000 2.250000 2.239000 2.256000 2.222000 2.238000 2.251000 2.329000 2.180000 2.545000 2.246000 2.306000 2.320000 2.449000 2.186000 2.192000 2.253000 2.365000 2.257000 2.216000 2.230000 2.225000 
2.987000 2.953000 3.012000 2.975000 3.066000 3.138000 3.041000 3.118000 3.030000 3.076000 3.574000 3.226000 3.038000 3.950000 3.676000 3.528000 3.516000 3.327000 2.954000 3.176000 3.189000 3.589000 3.005000 2.995000 3.413000 3.187000 3.150000 3.392000 3.061000 3.108000 
4.071000 4.189000 4.245000 4.153000 4.287000 4.035000 4.379000 3.863000 3.987000 4.216000 4.318000 4.726000 3.982000 3.938000 4.477000 4.034000 4.124000 4.451000 4.094000 3.978000 3.904000 3.853000 3.824000 3.916000 3.882000 3.845000 3.955000 3.953000 3.826000 3.903000 
4.833000 4.853000 4.951000 4.890000 5.104000 5.097000 5.091000 5.090000 4.963000 5.519000 5.112000 5.804000 5.060000 5.036000 4.860000 5.391000 5.118000 5.060000 4.916000 4.860000 4.839000 4.871000 4.889000 4.888000 4.967000 4.903000 4.930000 4.942000 4.986000 4.835000 
6.011000 5.953000 5.977000 5.986000 6.060000 6.400000 6.163000 6.207000 6.269000 6.386000 6.230000 6.086000 5.985000 6.022000 6.154000 6.179000 6.193000 6.423000 6.149000 6.342000 6.515000 6.586000 6.235000 6.459000 6.062000 6.011000 5.959000 5.966000 6.003000 6.044000 
