0.037000 0.038000 0.038000 0.039000 0.037000 0.038000 0.038000 0.038000 0.037000 0.038000 0.038000 0.038000 0.038000 0.038000 0.038000 0.038000 0.037000 0.038000 0.038000 0.038000 0.038000 0.038000 0.038000 0.038000 0.038000 0.038000 0.037000 0.038000 0.039000 0.037000 
0.153000 0.155000 0.152000 0.152000 0.151000 0.151000 0.163000 0.153000 0.152000 0.152000 0.154000 0.151000 0.153000 0.152000 0.151000 0.151000 0.152000 0.152000 0.153000 0.153000 0.152000 0.153000 0.151000 0.151000 0.152000 0.151000 0.151000 0.152000 0.152000 0.151000 
0.341000 0.347000 0.342000 0.347000 0.350000 0.373000 0.371000 0.348000 0.355000 0.358000 0.367000 0.346000 0.340000 0.342000 0.341000 0.349000 0.344000 0.343000 0.342000 0.343000 0.341000 0.342000 0.346000 0.345000 0.341000 0.351000 0.345000 0.342000 0.340000 0.342000 
0.612000 0.609000 0.612000 0.608000 0.606000 0.607000 0.614000 0.619000 0.616000 0.608000 0.617000 0.609000 0.608000 0.610000 0.608000 0.640000 0.606000 0.625000 0.614000 0.614000 0.610000 0.621000 0.610000 0.641000 0.606000 0.628000 0.639000 0.614000 0.619000 0.612000 
1.007000 0.952000 0.952000 0.957000 1.000000 0.958000 0.974000 0.964000 0.960000 0.950000 0.979000 0.991000 0.963000 0.952000 0.954000 0.956000 0.963000 1.137000 0.979000 0.947000 0.960000 0.953000 0.959000 0.951000 0.956000 0.960000 0.950000 0.953000 0.963000 0.970000 
1.388000 1.409000 1.808000 1.367000 1.379000 1.422000 1.485000 1.521000 1.368000 1.373000 1.412000 1.372000 1.584000 1.401000 1.416000 1.396000 1.386000 1.407000 1.378000 1.531000 1.428000 1.448000 1.388000 1.369000 1.389000 1.375000 1.378000 1.413000 1.444000 1.415000 
1.927000 1.877000 1.928000 1.966000 1.950000 1.957000 1.925000 1.907000 1.983000 2.015000 2.154000 1.933000 1.947000 2.261000 1.885000 1.936000 1.890000 1.895000 1.868000 1.923000 1.883000 1.935000 1.959000 1.973000 1.927000 2.077000 1.936000 2.089000 1.926000 2.390000 
2.488000 2.501000 2.508000 2.505000 2.499000 2.502000 2.594000 2.530000 2.802000 2.559000 2.509000 2.669000 2.443000 2.536000 2.470000 2.541000 2.597000 2.452000 2.474000 2.493000 2.502000 2.453000 2.488000 2.510000 2.503000 2.522000 2.481000 2.617000 2.515000 2.453000 
3.115000 3.083000 3.117000 3.105000 3.153000 3.268000 3.412000 3.199000 3.182000 3.359000 3.158000 3.221000 3.220000 3.169000 3.135000 3.288000 3.117000 3.143000 3.176000 3.127000 3.150000 3.205000 3.099000 3.102000 3.122000 3.194000 3.130000 3.214000 3.109000 3.098000 
3.807000 3.823000 3.831000 3.864000 3.956000 3.913000 3.874000 4.115000 3.905000 3.994000 4.098000 3.854000 3.837000 3.879000 3.861000 3.895000 3.889000 3.979000 3.840000 3.902000 4.057000 3.929000 3.944000 4.049000 3.819000 3.853000 3.850000 3.819000 3.813000 3.822000 
